1.431526
0.262039
0.202156
0.203951
0.202644
0.198551
0.206484
0.203317
0.220413
0.1998
0.199033
0.201678
0.198189
0.203355
0.203408
0.202512
0.204004
0.168031
0.20054
0.201888
0.201396
0.207137
0.201866
0.202196
0.19515
0.20272
0.156896
0.200066
0.197662
0.200783
0.199265
0.199715
0.197854
0.199361
0.168795
0.153012
0.196093
0.20269
0.213796
1.003985
0.207476
0.204739
0.208168
0.202084
0.201394
0.171803
0.209095
0.221073
0.189431
0.227216
0.223845
0.215819
0.222998
0.233503
0.228182
0.224206
0.232107
0.227291
0.225211
0.221256
0.187285
0.223452
0.211333
0.234146
0.223692
0.229666
0.214647
0.210628
0.228595
0.22424
0.226071
0.218048
0.189562
0.201987
0.2127
0.219891
0.213948
0.208644
0.202804
0.217395
0.208236
0.206066
13.936415
1.550057
0.21809
0.230725
0.217203
0.210137
0.164835
0.211298
0.276407
0.22883
0.215467
0.208562
0.20631
0.169221
0.197298
0.209804
0.23148
0.227293
0.177253
0.216252
0.227218
0.224758
0.189802
0.221117
0.208255
0.208825
0.18914
0.2091
0.213096
0.214927
0.135651
0.20817
0.211933
0.208734
0.204594
0.103891
0.208921
0.211982
0.199784
0.148585
0.213188
0.22006
0.21359
0.19361
0.229233
0.21774
0.214604
0.20605
0.139121
0.2079
0.198909
0.209343
0.204968
0.214775
0.207977
0.212559
0.218027
0.161666
0.20692
0.206337
0.208015
0.204233
0.203938
0.208125
0.210362
0.207203
0.20894
0.211821
0.20133
0.207192
0.209639
0.222894
0.224979
0.215939
0.19575
0.213129
0.215267
0.213468
0.216845
0.215091
0.208427
0.135265
0.211551
0.213487
0.222182
0.231465
0.199694
0.214479
0.214018
0.213604
0.220658
0.212623
0.212834
0.211225
0.205693
0.206062
0.117631
0.20547
0.197518
0.226538
0.212998
0.205531
0.204536
0.118871
0.203258
0.203356
0.204636
0.160892
0.203425
0.202156
0.224298
0.563031
0.212318
0.214923
0.204205
0.09257
0.753836
0.618246
0.187487
0.193719
0.194561
0.201446
0.185562
0.188347
0.196691
0.14958
0.278792
0.220895
0.191931
0.096362
0.194753
0.20471
0.19518
0.164381
0.185729
0.204011
0.224419
0.183308
0.20184
0.206619
0.196513
28.714397
0.225507
0.201711
0.199371
0.200302
0.232755
0.200792
0.193311
0.195285
0.204131
0.197727
0.200239
0.194391
0.197446
0.149234
0.203851
0.222959
0.204823
0.189193
0.192634
0.211772
0.194793
0.202088
0.196413
0.206708
0.210058
0.19906
0.200257
0.199683
0.186739
0.188732
0.201942
0.202862
0.188725
0.206187
0.520381
0.22851
0.209043
0.202981
0.132076
0.191728
